AreaKm2
2945.850
3050.770
3143.490
451.485
453.121
3221.640
3283.130
472.612
3326.170
3829.790
3352.450
2858.990
474.082
473.375
472.612
471.791
3296.160
467.956
2972.380
3075.070
3617.840
3239.920
3770.910
3336.670
3837.290
3354.250
476.148
475.584
474.962
474.282
473.546
472.752
471.902
3758.500
2941.680
2998.500
3098.850
454.134
2324.540
3311.410
473.698
3346.270
3842.090
3355.080
950.541
474.465
473.698
472.874
471.995
3024.200
3122.070
2275.340
3206.150
3274.190
3324.270
2394.550
3847.640
3354.940
476.051
474.629
473.832
472.979
2942.580
3049.430
3144.720
3225.680
3290.140
2858.740
1439.360
2886.780
3353.830
3828.660
476.257
475.544
474.775
473.948
473.065
472.126
2969.140
3074.180
3166.760
456.445
3244.500
466.510
3305.280
2870.020
480.006
3370.940
477.130
476.445
475.702
474.903
474.046
473.134
2838.250
2995.660
3098.410
3188.170
465.070
466.387
473.184
477.330
3357.530
480.027
480.691
480.932
3372.320
3348.870
476.615
475.842
475.013
474.126
3779.430
3021.750
3122.110
457.438
2331.260
466.247
3279.890
474.189
3333.030
477.512
2886.110
480.362
480.754
3863.560
1445.550
481.722
3862.950
481.812
3372.720
477.512
476.767
475.964
475.105
474.189
3296.970
3047.410
3145.240
2751.480
3228.980
3296.410
474.232
3825.500
480.678
3375.110
481.464
482.009
482.191
3372.140
476.901
476.068
1427.550
474.232
2965.250
3072.590
3167.770
3248.340
3312.120
2851.720
475.234
478.570
482.643
482.916
482.886
3870.910
3370.580
477.822
477.016
475.234
474.258
1881.040
2992.150
3097.280
3189.680
3266.960
475.271
2880.470
3851.070
3872.150
483.442
3388.890
3368.050
478.728
477.949
477.113
475.271
3018.650
3121.430
3210.950
3284.820
474.256
476.270
2894.550
3879.340
483.980
3389.840
3843.410
478.058
477.192
476.270
475.291
2369.750
3044.710
3145.040
2306.630
3301.910
2864.750
3835.210
479.769
482.793
484.501
484.501
3389.790
3840.260
478.149
477.253
476.301
475.292
474.228
3782.240
3070.320
3168.050
461.970
3251.420
3318.180
475.275
483.080
2420.930
3394.760
3887.310
3388.770
478.222
477.296
476.313
475.275
2987.980
3095.440
3190.450
3270.590
3810.810
480.017
480.801
483.348
3889.770
485.550
2917.340
3386.750
479.175
478.276
477.320
476.308
475.240
3014.870
3120.040
3212.220
462.932
3760.790
3347.200
480.928
481.684
482.381
3895.420
486.047
486.078
3894.920
3383.760
479.241
478.312
477.326
476.284
3041.340
3144.110
3233.330
3305.290
2881.580
481.823
482.551
483.220
483.830
3397.970
486.527
3903.480
2920.070
3379.790
479.289
478.330
477.314
3808.910
3796.190
3067.360
3167.600
2322.510
1897.190
481.126
481.943
1449.240
966.964
484.042
484.623
3406.300
2926.300
2919.980
3373.900
480.251
479.318
478.329
477.283
2983.180
3092.910
3190.500
465.150
3741.730
1429.180
482.045
484.237
3903.260
2442.830
487.432
486.322
3404.820
480.292
959.648
478.310
477.234
3010.440
3117.960
3212.770
3764.640
479.321
480.314
482.129
482.949
3882.890
488.011
1953.430
487.023
3402.350
480.314
479.321
478.272
1895.660
3037.300
3142.470
3234.390
466.091
473.351
474.648
475.892
478.216
479.295
480.318
481.285
482.193
1450.190
483.836
3407.930
488.263
3917.160
487.706
3398.890
482.193
481.285
479.295
478.216
3063.720
3166.430
3722.010
473.160
474.486
475.759
476.978
478.142
479.251
2888.720
482.239
483.944
1455.230
3417.080
488.651
2940.590
489.117
488.372
3423.160
3394.450
482.239
481.300
480.304
479.251
478.142
3345.520
3089.680
3189.810
467.022
472.952
3327.640
3344.620
478.050
479.188
480.271
2902.130
483.179
3914.970
489.021
3927.970
489.643
489.456
489.269
489.021
3422.220
3389.050
482.267
481.298
480.271
479.188
3335.860
3005.350
3115.170
3212.560
3764.250
472.726
3360.380
3374.270
484.102
484.928
489.652
490.150
490.119
490.026
489.870
3928.340
3928.690
3420.280
483.218
482.276
481.276
480.220
479.107
3032.580
3140.120
3234.690
467.943
472.481
473.893
481.236
485.010
485.808
3903.890
490.016
490.640
490.640
2947.040
490.016
3417.340
482.266
481.236
480.150
2851.860
3498.780
3164.530
3256.140
3744.490
3805.430
3389.320
972.679
486.671
3427.090
490.361
491.111
491.142
3942.480
3413.410
483.241
965.427
962.278
480.062
3085.770
3188.380
468.854
473.407
3348.930
3888.430
487.518
2945.760
490.687
491.000
491.438
491.626
2956.060
3438.930
3408.490
484.200
483.225
482.191
3837.710
2667.820
3211.620
470.098
473.138
474.582
3365.260
3904.360
3423.230
490.589
490.995
491.339
491.997
492.091
3437.540
3887.730
484.196
482.126
481.006
3347.600
3027.210
3137.050
3234.230
469.755
471.328
472.851
3809.060
3865.660
491.283
491.659
984.279
492.412
492.538
3948.290
3435.130
484.172
483.135
482.042
480.892
2863.080
3493.060
3615.870
3256.180
470.996
472.546
2370.820
3881.440
2453.400
491.553
491.961
492.589
492.809
2963.290
2960.280
3431.720
484.130
483.063
481.939
443.841
3186.210
3747.380
470.646
472.224
3352.450
1460.130
1475.050
492.243
492.620
492.935
493.187
3957.030
3454.940
3427.310
485.109
484.069
482.972
481.818
438.644
440.908
443.138
3209.930
470.279
471.884
3369.360
1953.530
492.507
492.916
493.262
493.546
3464.930
3948.880
3421.900
486.072
485.060
483.989
482.862
3851.040
3455.080
440.171
3106.020
3133.280
3233.020
469.895
1887.080
3317.840
3870.220
489.623
490.371
491.058
492.751
3461.130
493.570
3961.810
3964.960
3452.230
3903.370
486.035
484.991
483.891
482.734
3838.020
2175.360
439.421
3611.900
3255.470
3336.910
486.994
487.952
490.469
491.188
491.846
492.442
492.977
1481.950
494.492
3449.350
485.978
484.905
483.774
3388.600
2657.060
3277.250
470.759
3355.180
485.903
486.950
487.938
488.868
489.738
490.549
491.299
2953.640
492.617
493.183
493.688
3472.550
495.269
495.079
3965.660
3445.460
486.950
485.903
484.799
483.638
437.879
440.188
455.390
3663.680
470.350
3372.650
485.809
486.886
2927.890
3427.370
489.768
490.610
2962.100
493.907
495.648
3440.570
486.886
1947.000
484.675
437.088
439.416
3128.790
454.765
3231.060
471.614
3791.140
3389.280
3403.290
3933.260
3943.820
2969.810
3969.260
2981.510
1490.040
2985.130
495.056
3468.620
3434.680
485.696
484.532
2897.200
436.283
2633.700
440.946
2250.980
2725.240
3254.000
471.196
3338.280
486.702
2980.570
496.827
496.572
495.713
3466.290
978.500
487.783
485.565
2405.960
433.070
435.465
437.831
440.166
442.469
455.559
3746.930
470.762
3357.110
976.363
3958.630
496.926
497.117
497.245
497.309
496.352
495.971
3462.940
489.741
488.746
486.582
434.634
437.018
441.694
443.985
2750.800
1411.280
3790.770
3375.130
487.585
490.660
3968.910
497.484
497.644
3991.470
497.772
497.644
497.484
496.973
3980.930
3458.570
488.668
487.585
486.443
433.790
436.192
3100.030
445.492
452.114
456.343
3689.700
471.590
3392.330
487.457
488.571
489.628
490.625
491.563
3480.740
497.576
497.832
3490.500
498.216
498.152
498.024
497.576
2989.850
3453.190
490.625
489.628
488.571
487.457
486.286
1457.080
435.353
446.992
449.221
451.413
453.569
3251.760
3338.880
3897.320
488.455
489.542
490.571
491.540
493.300
497.872
498.161
498.641
3496.560
498.161
3482.520
3939.100
490.571
489.542
488.455
487.311
1451.200
434.501
436.909
446.235
448.484
450.698
452.876
455.015
457.117
3744.180
472.407
3358.240
488.321
489.438
490.497
2958.490
492.439
493.320
494.141
494.900
498.149
498.470
3999.730
3498.020
3479.710
490.497
489.438
1465.650
487.146
1308.020
438.459
3090.730
3563.200
447.734
449.968
452.167
454.329
1371.540
470.159
471.939
3376.820
488.167
489.315
490.405
491.436
492.409
493.321
494.173
494.965
498.407
498.760
2997.210
499.049
3475.870
491.436
490.405
489.315
486.962
437.617
3591.230
449.224
3621.730
1363.070
455.773
471.454
3794.060
3394.580
489.173
490.293
491.356
3958.450
494.187
495.010
495.771
496.471
497.109
497.684
498.196
498.645
4008.070
3999.460
3471.020
491.356
490.293
487.994
486.759
439.165
450.705
452.910
459.297
1854.930
470.952
3817.190
3411.490
489.011
3932.870
1474.490
492.290
495.035
1985.010
496.561
497.230
497.838
498.382
498.863
2999.370
3006.480
500.150
499.925
3498.020
3465.140
983.459
490.163
489.011
487.803
973.899
485.216
438.315
3194.310
458.632
460.705
466.674
470.434
472.244
3839.940
488.831
490.013
3455.210
497.333
996.059
498.549
499.062
4007.420
1503.640
500.479
3495.760
1481.360
491.137
980.854
488.831
487.592
439.861
457.952
460.048
462.103
466.088
468.015
469.898
471.735
3860.630
489.844
493.133
495.885
497.415
498.696
499.242
3511.430
501.015
500.789
3492.460
493.133
492.095
490.999
489.844
488.632
441.401
3111.170
2300.460
461.453
463.491
465.486
1871.250
469.345
471.208
473.024
3881.600
489.657
496.712
1993.130
498.182
498.823
499.402
4019.610
501.726
501.532
4014.760
3488.140
493.037
491.969
489.657
488.414
440.548
3138.090
462.848
464.867
470.664
472.506
474.301
2436.330
489.450
3936.520
493.963
494.944
496.724
497.522
498.931
499.542
500.089
502.127
502.160
502.127
502.030
501.868
3512.760
3482.790
3971.380
493.963
492.923
491.823
490.665
489.450
3420.160
486.849
3515.880
442.085
3164.510
457.982
1852.990
464.233
1869.110
941.523
3786.170
473.792
475.565
477.290
1438.870
489.224
490.470
494.872
1488.230
3980.240
499.019
1499.910
500.243
500.759
1505.080
502.574
502.574
502.509
502.379
502.184
500.759
494.872
493.860
986.387
491.659
490.470
489.224
883.114
3190.420
459.409
465.607
3762.190
947.816
475.065
476.817
481.772
488.980
490.256
498.350
4014.370
2005.330
501.410
502.968
2518.260
502.968
3525.840
502.708
501.410
2508.900
3508.330
3964.400
493.738
492.636
982.749
490.256
488.980
442.760
3215.770
460.827
464.964
476.327
478.056
484.466
488.717
490.023
3460.700
495.686
498.367
3502.980
1508.340
502.758
503.344
503.409
503.018
3504.550
492.464
490.023
2923.420
444.288
2236.770
462.234
466.336
3813.460
479.282
480.938
482.544
484.097
487.043
488.435
489.771
3939.210
3474.620
496.574
499.166
502.235
503.015
503.308
503.536
503.699
503.797
503.536
1007.420
4031.940
3499.730
494.542
493.436
492.272
491.050
443.424
3158.030
2778.310
3733.840
467.696
478.810
480.495
482.128
483.709
485.238
486.713
488.134
489.500
490.809
1993.060
3998.810
499.948
2515.530
502.862
503.579
503.840
504.035
504.166
3535.230
503.840
3525.620
3993.750
494.393
493.257
492.062
490.809
3538.570
444.950
3184.330
469.045
1436.930
480.033
481.694
483.303
484.861
486.365
487.815
3431.250
497.371
3509.140
500.712
503.047
503.470
503.829
504.123
504.352
1514.810
3537.870
504.352
4027.710
2988.110
494.225
493.058
491.832
490.550
3431.270
3120.620
446.468
3210.110
468.411
2840.010
481.242
1448.930
3883.500
3901.000
487.477
3463.590
503.668
504.060
504.387
504.649
504.845
4045.660
504.649
3520.220
496.257
2980.920
494.038
492.840
491.584
490.271
3904.300
447.979
3235.310
469.757
3809.610
480.772
488.575
3478.110
498.156
501.505
2513.960
503.847
504.271
504.631
504.926
505.155
504.926
4019.010
497.164
495.001
493.831
492.602
491.316
447.118
449.482
3259.940
471.092
3835.050
481.978
3432.750
3491.680
499.017
3529.780
504.462
504.855
505.183
3036.480
505.642
3039.740
505.445
504.855
3006.740
991.715
494.806
493.605
492.346
1798.770
450.977
1361.990
3754.380
472.415
3859.350
483.170
3449.640
499.861
4042.860
4050.210
506.110
3549.080
505.715
505.420
505.059
504.634
498.928
494.592
493.360
492.071
452.463
3203.720
471.789
473.726
484.348
3465.650
499.784
4016.640
503.022
505.966
3551.250
505.966
505.637
505.244
504.785
499.784
498.819
1990.170
495.563
494.359
493.096
3437.870
3423.730
3115.430
451.619
3229.360
2835.490
971.736
3480.740
500.623
4030.420
503.739
3550.740
4060.370
506.493
506.196
505.835
1517.580
504.916
504.360
1512.670
502.307
500.623
1500.660
498.691
496.517
495.341
494.106
492.813
3142.980
453.102
455.409
3254.400
474.416
2394.100
485.064
486.662
488.206
2453.490
3494.910
4008.670
501.444
3536.270
3555.640
506.736
3042.710
4054.830
505.027
503.785
502.287
501.444
999.010
498.544
496.307
495.100
493.834
492.511
3625.260
454.577
3278.850
475.712
3853.880
484.598
487.797
489.316
3944.930
3016.580
3544.910
507.752
507.257
506.960
1011.450
505.119
503.810
503.060
502.248
3519.980
497.257
496.077
494.839
493.544
456.043
2830.160
475.095
476.995
3879.340
3900.600
488.918
3466.860
502.188
3552.510
2543.570
508.155
3562.250
507.494
507.163
505.190
504.535
503.816
3514.020
500.311
1499.450
498.190
497.039
495.828
494.560
493.234
457.500
3225.520
472.489
2851.980
2866.100
478.266
2938.460
490.024
3979.500
502.987
3559.080
3563.960
507.710
4052.820
505.241
2019.650
503.801
499.106
497.983
496.801
495.560
494.261
2965.720
3936.000
3134.430
1369.750
3711.970
473.810
479.524
3497.290
503.767
1514.350
3541.920
3564.590
4072.820
507.907
501.038
498.911
497.758
496.545
495.273
3161.870
458.120
3273.010
478.934
490.719
1478.320
3511.100
3551.170
3569.040
2546.160
505.973
3537.460
500.887
499.823
498.697
497.513
496.269
3188.820
459.565
3297.270
480.188
482.001
1936.370
491.806
3523.960
504.488
3559.390
3572.420
508.638
508.240
505.996
4033.780
1506.800
500.717
499.621
498.464
497.248
495.973
2755.070
3320.870
479.589
481.429
2924.320
491.402
494.297
495.659
3535.830
505.245
3566.570
3574.730
508.807
3049.960
501.594
500.527
499.399
498.211
496.964
3961.100
460.170
3343.790
480.840
482.657
3919.610
492.484
493.933
495.326
496.661
3497.180
505.983
3572.690
3575.960
509.355
508.957
4065.180
506.708
505.196
501.416
500.317
499.158
497.939
496.661
3453.300
3153.000
461.602
3269.200
480.233
3869.560
483.872
485.616
3449.060
493.551
494.973
2983.260
497.647
4015.550
2026.620
506.704
3557.900
3577.760
3576.120
509.518
509.086
506.704
503.296
502.288
501.218
500.087
498.897
497.647
3180.310
463.024
3761.100
479.609
1925.930
485.073
486.794
3962.760
497.337
498.617
3526.670
3565.400
3581.750
4084.850
509.194
507.406
2029.510
505.890
504.121
503.142
502.102
501.000
499.839
498.617
3980.910
3207.120
3695.590
464.436
3315.180
486.260
498.318
499.570
3539.140
507.395
3573.190
3584.660
509.782
509.283
506.636
1518.870
504.928
503.979
502.968
501.896
500.763
499.570
498.318
3256.300
465.837
3338.570
480.233
2434.500
487.433
497.999
3501.060
3550.620
508.091
3579.940
3586.510
2553.530
509.883
509.351
508.091
505.716
504.798
503.817
502.775
501.671
500.506
499.282
2977.170
3143.460
2880.420
488.592
490.240
3449.380
500.230
501.426
3561.090
3585.610
3587.260
509.965
2038.970
4068.080
505.600
504.649
503.636
502.561
501.426
500.230
498.975
3171.120
466.418
480.844
2418.450
489.736
3960.670
498.648
501.161
4031.490
3590.220
3586.930
510.025
508.762
507.240
506.383
505.463
504.480
503.435
502.328
501.161
499.935
3198.290
467.805
1892.250
482.091
3404.440
489.214
490.865
3482.820
502.076
3541.590
509.434
510.066
3067.770
4108.150
3585.520
510.633
509.434
1014.940
506.258
505.306
504.290
503.214
502.076
500.877
499.619
3224.950
469.182
471.335
3332.570
3915.230
491.980
499.285
3553.670
510.086
510.686
511.221
511.690
4110.880
2559.810
510.686
509.420
507.895
507.036
1012.860
505.129
504.081
502.973
501.803
500.574
3003.320
3251.060
3744.970
470.547
3355.730
482.686
491.479
2499.770
500.251
3015.510
502.712
3564.760
4084.910
511.790
512.226
2566.790
4112.520
511.288
3577.580
506.904
505.949
504.932
503.853
502.712
501.511
998.480
3161.250
2826.080
471.901
2894.910
2954.710
492.589
501.200
4034.040
4094.580
1538.180
512.742
513.078
513.348
3597.840
3574.820
4077.650
507.676
505.764
504.715
503.604
502.432
3188.780
473.244
483.269
2429.130
493.684
3978.680
4050.750
4104.260
513.542
2570.950
3602.960
3597.030
511.929
508.429
507.536
506.579
505.560
504.478
1007.550
502.132
3215.800
2852.010
484.494
3420.840
494.763
3498.270
501.813
4065.200
514.323
4108.250
511.968
508.302
507.376
506.387
505.335
503.048
500.519
3242.290
473.794
3349.420
3440.980
495.828
3515.910
4078.510
513.498
514.680
1030.040
512.556
1018.700
508.155
507.196
506.174
505.091
503.946
502.740
2008.950
3150.710
3268.230
472.998
3372.350
3955.650
502.413
4089.880
2056.630
514.002
3089.500
515.016
515.016
4123.470
512.588
4101.210
508.915
507.987
506.996
505.942
504.827
503.650
3178.580
2821.690
472.186
3394.540
486.267
496.408
503.334
1518.500
3587.850
3609.350
515.298
3607.690
513.170
4094.590
508.760
507.799
506.776
505.690
504.543
503.334
3205.950
2372.350
1953.280
495.922
3496.380
504.239
505.418
3596.450
514.611
3613.040
4131.260
515.627
3606.390
513.733
513.194
1021.460
509.514
508.584
507.591
506.535
505.418
504.239
3232.820
472.708
3342.340
486.815
3926.340
496.976
3513.090
505.126
507.363
508.389
3603.990
515.088
4133.020
2059.320
513.770
510.250
509.351
508.389
507.363
506.275
505.126
503.915
3259.130
471.873
3365.720
3456.490
3971.980
498.014
4034.250
504.814
505.995
507.115
508.173
509.168
510.100
3094.200
514.327
3599.900
510.967
510.100
509.168
508.173
507.115
505.995
504.814
503.572
3167.710
3284.870
473.218
3388.390
487.351
497.531
505.696
506.847
507.937
1018.700
509.929
510.829
4103.220
3099.150
3617.510
514.357
510.829
509.929
508.965
507.937
506.847
505.696
1514.890
3195.430
472.375
486.681
488.535
1497.240
3556.190
4079.210
4093.030
511.541
3600.190
3620.150
3616.810
514.907
3590.590
511.541
510.671
509.738
508.741
507.682
506.560
3222.650
2365.640
2383.930
3413.200
498.072
3512.850
506.252
510.493
511.395
3608.350
516.252
3623.360
3098.510
515.437
513.713
511.395
510.493
509.527
1017.790
507.406
506.252
3249.340
475.046
3358.330
489.053
490.861
3943.210
4031.260
4048.600
507.110
512.100
3615.440
516.696
3625.470
3613.190
4122.450
513.647
512.100
511.230
510.295
1017.000
507.110
505.925
3275.460
471.997
3381.460
490.218
3471.380
498.600
500.112
4063.930
507.951
1025.430
3621.460
3626.480
515.997
514.269
512.786
511.947
511.043
510.076
509.045
507.951
506.795
3184.230
2355.610
475.527
3403.860
3490.070
499.623
501.107
1027.440
4118.200
3626.380
3626.380
516.500
3088.920
512.646
511.774
510.837
509.837
507.647
3211.790
472.467
2849.910
3425.510
490.719
2504.140
3570.620
513.326
4127.680
3630.210
3625.180
514.811
513.326
512.485
511.580
510.610
509.577
508.482
1015.490
3238.830
475.996
2872.410
3446.380
501.619
3583.110
4107.760
3102.460
3632.940
517.039
513.987
513.178
512.304
511.366
510.364
509.298
3265.330
472.925
3373.750
3466.430
502.593
3034.460
513.852
3107.640
3634.570
517.516
4137.580
513.852
513.009
512.102
511.131
510.097
508.999
2349.110
3396.620
3485.650
502.118
503.549
3555.820
514.506
3112.810
3635.090
517.563
515.251
514.506
513.696
512.820
511.881
510.877
509.810
1527.350
3200.260
2844.110
477.758
3418.740
3504.000
4024.550
504.489
3569.890
514.363
517.078
3636.180
3634.500
3631.810
517.590
1549.930
515.853
1030.780
514.363
513.520
512.611
511.638
510.602
3227.650
472.464
476.897
3440.100
3031.190
3582.970
515.011
515.757
516.436
517.049
3639.530
518.073
515.757
515.011
514.200
513.323
512.381
511.376
510.307
3721.220
471.543
2865.200
478.197
2405.880
3460.660
504.970
506.317
3595.050
514.860
515.640
516.353
517.000
2588.700
3630.000
518.537
518.914
3641.790
516.353
514.860
514.016
513.106
512.131
511.093
2042.510
2341.660
470.607
479.485
3388.590
3480.400
505.887
507.205
4121.600
4132.350
516.930
518.981
3642.920
518.569
518.090
4144.520
516.930
516.249
515.502
514.689
513.811
512.868
511.861
3188.060
3306.510
3411.190
3499.280
506.787
508.075
2038.110
4141.890
3117.200
3641.260
3642.950
519.026
518.581
516.839
516.124
515.344
514.497
513.586
512.610
511.571
3215.780
3809.750
479.907
3433.020
3517.290
507.669
3070.570
3645.240
4163.030
519.051
518.571
517.409
516.727
515.979
515.165
514.285
513.341
512.332
3708.690
470.058
3454.070
3534.380
4057.810
508.533
3594.620
3632.940
3648.110
519.501
519.055
517.310
516.595
515.813
3608.070
514.053
513.075
512.034
469.086
480.317
3379.800
3474.320
508.119
509.379
510.579
3606.280
3639.730
3649.880
519.931
519.518
4155.740
517.873
517.191
516.441
514.745
513.799
512.789
1024.190
468.099
3764.200
479.440
3402.840
3493.720
4076.850
510.208
511.377
3616.900
3645.440
3650.520
519.961
517.767
517.050
516.268
514.505
513.526
3203.260
467.098
3321.210
478.548
3370.380
3425.150
3512.260
511.018
3626.460
3650.050
4171.640
520.384
1040.370
518.940
518.324
517.640
516.890
514.244
513.232
3230.790
466.083
2387.830
479.829
3446.680
3529.910
510.640
511.810
4105.550
3634.970
3653.550
520.786
518.860
518.210
517.492
3102.760
513.963
1539.910
465.054
3751.710
478.930
3467.420
3546.650
511.444
3605.570
3642.390
3655.930
520.823
4167.430
518.760
518.075
517.323
515.622
514.674
2792.740
3393.720
3487.340
3562.440
3616.800
3648.720
3657.210
521.218
3642.840
519.290
518.638
517.919
516.283
515.366
514.385
3310.100
479.298
3416.480
3506.400
3577.270
511.855
3626.980
3653.960
4180.340
521.247
519.181
518.495
517.743
516.040
515.090
1028.550
3217.930
3335.340
480.569
3438.490
3524.580
512.635
3636.100
3658.090
3133.990
521.635
519.704
519.052
518.332
516.694
515.776
514.793
3245.270
2878.400
3459.720
3541.860
512.253
3087.620
3644.140
3661.100
521.657
520.207
519.588
3112.900
518.148
517.328
516.443
515.491
3272.060
480.920
3866.670
3480.130
3558.220
513.026
4133.360
3651.100
3663.000
522.038
3651.410
520.104
519.451
517.090
516.171
1030.750
3298.290
3407.050
3499.700
3573.620
3074.320
513.781
4145.640
3656.960
4187.030
522.398
522.052
520.600
519.980
517.718
516.831
515.879
3204.430
3323.910
481.258
3429.520
3518.420
513.403
514.516
4155.950
3661.720
1045.220
1566.890
520.490
519.836
517.472
516.552
3232.080
3829.850
3451.220
3536.240
513.005
4117.430
515.233
3644.990
3665.370
1569.590
522.779
522.016
520.979
520.358
519.670
518.093
517.205
516.252
3259.210
481.583
3472.120
3553.140
515.931
523.355
521.448
520.861
520.206
517.839
516.918
3285.780
3879.990
513.360
515.591
516.610
523.632
523.145
522.798
522.382
521.897
521.343
520.722
1040.590
518.454
517.565
3311.770
481.896
516.282
517.270
523.714
523.471
523.158
522.776
521.805
521.217
519.049
518.192
3218.240
513.700
516.954
517.910
523.984
523.497
523.149
522.247
521.693
521.070
518.800
517.910
482.195
482.482
