    6     8     9    11    22    23    33 
   39    40    41    44    45    48    53 
   54    55    59    66    67    68    71 
   72    73    77    84    85    86    89 
   90    94   100   101   102   103   104 
  105   119   120   121   122   123   124 
  125   126   132   141   142   143   144 
  145   146   147   148   150   158   159 
  160   161   162   166   167   176   177 
  178   179   182   183   184   191   192 
  193   194   197   198   206   207   208 
  209   210   214   225   226   227   228 
  229   240   241   242   243   244   245 
  247   248   258   259   260   261   262 
  263   264   266   267   274   275   276 
  277   278   279   280   281   282   284 
  293   294   295   296   297   298   299 
  300   301   303   304   312   313   314 
  315   316   317   320   328   329   331 
  332   333   337   346   347   348   349 
  350   353   354   355   356   357   358 
  360   361   367   368   369   370   371 
  372   373   374   375   376   377   378 
  379   380   381   383   384   385   393 
  394   395   396   397   398   399   400 
  401   402   403   404   405   406   407 
  408   409   410   419   420   421   422 
  423   424   425   426   427   428   429 
  430   431   432   433   441   442   443 
  444   445   446   447   448   449   450 
  451   452   453   460   461   462   463 
  464   465   466   467   468   469   470 
  471   472   478   479   480   481   482 
  483   484   485   486   487   488   489 
  490   497   498   499   500   501   502 
  503   504   505   506   507   508   510 
  517   518   519   520   521   522   523 
  524   525   526   527   528   536   537 
  538   539   540   541   542   543   544 
  545   546   547   548   554   555   556 
  557   558   559   560   561   562   563 
  564   565   566   567   575   577   578 
  579   580   581   582   583   584   585 
  596   597   598   599   600   601   602 
  603   604   605   606   607   608   609 
  610   619   620   621   622   623   624 
  625   626   627   628   629   636   637 
  638   639   640   641   642   643   644 
  645   646   647   648   649   650   651 
  652   653   654   662   663   664   665 
  666   667   668   669   670   671   672 
  673   682   683   684   685   686   687 
  688   689   690   691   692   693   694 
  695   706   707   708   709   710   711 
  712   713   725   726   727   728   729 
  730   731   732   733   734   735   745 
  746   747   748   749   750   751   752 
  753   754   755   756   757   769   770 
  771   772   773   774   775   776   777 
  778   779   780   781   782   783   784 
  785   798   799   800   801   802   803 
  804   805   806   807   808   809   810 
  826   827   828   829   830   831   832 
  833   834   835   836   837   838   839 
  855   856   857   858   859   860   861 
  862   863   864   865   866   867   868 
  869   882   883   884   885   886   887 
  888   889   890   891   892   893   894 
  895   896   908   909   910   911   912 
  913   914   915   916   917   918   919 
  920   921   922   923   924   925   940 
  941   942   943   944   945   946   947 
  948   949   950   951   965   966   967 
  968   969   970   971   972   973   974 
  975   991   992   993   994   995   996 
  997   998   999  1000  1001  1014  1016 
 1017  1018  1019  1020  1021  1022  1023 
 1024  1025  1026  1027  1028  1029  1030 
 1031  1052  1053  1054  1055  1056  1057 
 1058  1059  1060  1061  1062  1063  1064 
 1065  1066  1067  1084  1085  1086  1088 
 1089  1090  1091  1092  1093  1094  1095 
 1096  1112  1113  1114  1115  1116  1117 
 1118  1119  1120  1138  1139  1141  1142 
 1143  1144  1145  1146  1147  1148  1149 
 1168  1169  1170  1172  1173  1174  1175 
 1176  1177  1178  1179  1180  1197  1198 
 1199  1201  1202  1203  1204  1205  1206 
 1207  1208  1209  1227  1228  1229  1230 
 1231  1232  1233  1235  1249  1250  1253 
 1254  1255  1256  1257  1258  1275  1276 
 1277  1278  1279  1280  1281  1297  1298 
 1299  1300  1301  1302  1303  1318  1319 
 1320  1321  1322  1323  1341  1342  1343 
 1344  1345  1346  1347  1348  1349  1350 
 1351  1370  1371  1374  1375  1376  1377 
 1378  1379  1395  1396  1397  1399  1400 
 1401  1402  1403  1418  1419  1421  1422 
 1424  1425  1427  1446  1450  2035  2111 
 2233 